1.550000000000000044e+00 0.000000000000000000e+00 0.000000000000000000e+00
1.096015510839148721e+00 5.480077554195743605e-01 0.000000000000000000e+00
9.491012693391987294e-17 7.750000000000000222e-01 0.000000000000000000e+00
-1.096015510839148499e+00 5.480077554195743605e-01 0.000000000000000000e+00
-1.550000000000000044e+00 9.491012693391987294e-17 0.000000000000000000e+00
-1.096015510839148943e+00 -5.480077554195742495e-01 0.000000000000000000e+00
-2.847303808017595942e-16 -7.750000000000000222e-01 0.000000000000000000e+00
1.096015510839148499e+00 -5.480077554195744716e-01 0.000000000000000000e+00
1.550000000000000044e+00 -1.898202538678397459e-16 0.000000000000000000e+00
2.705000000000000071e+00 0.000000000000000000e+00 0.000000000000000000e+00
2.437120787676043676e+00 5.868277571564973760e-01 0.000000000000000000e+00
1.686539914027874509e+00 1.057427080038010336e+00 0.000000000000000000e+00
6.019191263518306467e-01 1.318590001225916408e+00 0.000000000000000000e+00
-6.019191263518303137e-01 1.318590001225916408e+00 0.000000000000000000e+00
-1.686539914027874065e+00 1.057427080038010558e+00 0.000000000000000000e+00
-2.437120787676043676e+00 5.868277571564974870e-01 0.000000000000000000e+00
-2.705000000000000071e+00 1.656334795846795305e-16 0.000000000000000000e+00
-2.437120787676043676e+00 -5.868277571564972650e-01 0.000000000000000000e+00
-1.686539914027874731e+00 -1.057427080038010114e+00 0.000000000000000000e+00
-6.019191263518309798e-01 -1.318590001225916408e+00 0.000000000000000000e+00
6.019191263518299806e-01 -1.318590001225916408e+00 0.000000000000000000e+00
1.686539914027873843e+00 -1.057427080038010558e+00 0.000000000000000000e+00
2.437120787676043676e+00 -5.868277571564977091e-01 0.000000000000000000e+00
2.705000000000000071e+00 -3.312669591693590609e-16 0.000000000000000000e+00
3.975500000000000256e+00 0.000000000000000000e+00 0.000000000000000000e+00
3.780925180531383045e+00 6.142485305688016872e-01 0.000000000000000000e+00
3.216247061137603946e+00 1.168370135244363617e+00 0.000000000000000000e+00
2.336740270488727234e+00 1.608123530568801973e+00 0.000000000000000000e+00
1.228497061137603596e+00 1.890462590265691523e+00 0.000000000000000000e+00
2.434291675005151710e-16 1.987750000000000128e+00 0.000000000000000000e+00
-1.228497061137603152e+00 1.890462590265691745e+00 0.000000000000000000e+00
-2.336740270488726789e+00 1.608123530568801973e+00 0.000000000000000000e+00
-3.216247061137603502e+00 1.168370135244363839e+00 0.000000000000000000e+00
-3.780925180531383045e+00 6.142485305688019093e-01 0.000000000000000000e+00
-3.975500000000000256e+00 2.434291675005151710e-16 0.000000000000000000e+00
-3.780925180531383489e+00 -6.142485305688014652e-01 0.000000000000000000e+00
-3.216247061137603946e+00 -1.168370135244363395e+00 0.000000000000000000e+00
-2.336740270488727678e+00 -1.608123530568801751e+00 0.000000000000000000e+00
-1.228497061137604041e+00 -1.890462590265691523e+00 0.000000000000000000e+00
-7.302875025015454143e-16 -1.987750000000000128e+00 0.000000000000000000e+00
1.228497061137602708e+00 -1.890462590265691745e+00 0.000000000000000000e+00
2.336740270488726345e+00 -1.608123530568802195e+00 0.000000000000000000e+00
3.216247061137603502e+00 -1.168370135244364061e+00 0.000000000000000000e+00
3.780925180531383045e+00 -6.142485305688022423e-01 0.000000000000000000e+00
3.975500000000000256e+00 -4.868583350010303419e-16 0.000000000000000000e+00
5.373050000000000104e+00 0.000000000000000000e+00 0.000000000000000000e+00
5.216918932121048513e+00 6.429275150001311223e-01 0.000000000000000000e+00
4.757599498635979529e+00 1.248490419774885174e+00 0.000000000000000000e+00
4.021785675460735732e+00 1.781495599430352073e+00 0.000000000000000000e+00
3.052240287423837461e+00 2.210966730319955165e+00 0.000000000000000000e+00
1.905309788323896969e+00 2.511944511380433731e+00 0.000000000000000000e+00
6.476496098458645045e-01 2.666937207986274316e+00 0.000000000000000000e+00
-6.476496098458626172e-01 2.666937207986274316e+00 0.000000000000000000e+00
-1.905309788323895193e+00 2.511944511380434175e+00 0.000000000000000000e+00
-3.052240287423836129e+00 2.210966730319955609e+00 0.000000000000000000e+00
-4.021785675460733955e+00 1.781495599430352961e+00 0.000000000000000000e+00
-4.757599498635978641e+00 1.248490419774885618e+00 0.000000000000000000e+00
-5.216918932121048513e+00 6.429275150001320105e-01 0.000000000000000000e+00
-5.373050000000000104e+00 3.290044242079343115e-16 0.000000000000000000e+00
-5.216918932121049401e+00 -6.429275150001302341e-01 0.000000000000000000e+00
-4.757599498635979529e+00 -1.248490419774884952e+00 0.000000000000000000e+00
-4.021785675460735732e+00 -1.781495599430351851e+00 0.000000000000000000e+00
-3.052240287423837461e+00 -2.210966730319955165e+00 0.000000000000000000e+00
-1.905309788323897635e+00 -2.511944511380433731e+00 0.000000000000000000e+00
-6.476496098458663919e-01 -2.666937207986274316e+00 0.000000000000000000e+00
6.476496098458596196e-01 -2.666937207986274760e+00 0.000000000000000000e+00
1.905309788323895859e+00 -2.511944511380434175e+00 0.000000000000000000e+00
3.052240287423835685e+00 -2.210966730319955609e+00 0.000000000000000000e+00
4.021785675460733067e+00 -1.781495599430353183e+00 0.000000000000000000e+00
4.757599498635977753e+00 -1.248490419774886950e+00 0.000000000000000000e+00
5.216918932121047625e+00 -6.429275150001335648e-01 0.000000000000000000e+00
5.373050000000000104e+00 -6.580088484158686229e-16 0.000000000000000000e+00
6.910355000000000025e+00 0.000000000000000000e+00 0.000000000000000000e+00
6.777574466360865024e+00 6.740716910978810095e-01 0.000000000000000000e+00
6.384335546887032642e+00 1.322239185130630101e+00 0.000000000000000000e+00
5.745750192722955063e+00 1.919593768799086497e+00 0.000000000000000000e+00
4.886358880906365165e+00 2.443179440453182583e+00 0.000000000000000000e+00
3.839187537598173883e+00 2.872875096361477532e+00 0.000000000000000000e+00
2.644478370261260203e+00 3.192167773443516321e+00 0.000000000000000000e+00
1.348143382195762463e+00 3.388787233180432512e+00 0.000000000000000000e+00
4.231372065860953906e-16 3.455177500000000013e+00 0.000000000000000000e+00
-1.348143382195761575e+00 3.388787233180432512e+00 0.000000000000000000e+00
-2.644478370261259759e+00 3.192167773443516321e+00 0.000000000000000000e+00
-3.839187537598171662e+00 2.872875096361477976e+00 0.000000000000000000e+00
-4.886358880906364277e+00 2.443179440453182583e+00 0.000000000000000000e+00
-5.745750192722955951e+00 1.919593768799086497e+00 0.000000000000000000e+00
-6.384335546887032642e+00 1.322239185130630323e+00 0.000000000000000000e+00
-6.777574466360865024e+00 6.740716910978822307e-01 0.000000000000000000e+00
-6.910355000000000025e+00 4.231372065860953906e-16 0.000000000000000000e+00
-6.777574466360865024e+00 -6.740716910978813425e-01 0.000000000000000000e+00
-6.384335546887033530e+00 -1.322239185130629657e+00 0.000000000000000000e+00
-5.745750192722956839e+00 -1.919593768799085831e+00 0.000000000000000000e+00
-4.886358880906366053e+00 -2.443179440453182139e+00 0.000000000000000000e+00
-3.839187537598172995e+00 -2.872875096361477532e+00 0.000000000000000000e+00
-2.644478370261263755e+00 -3.192167773443515877e+00 0.000000000000000000e+00
-1.348143382195764906e+00 -3.388787233180432512e+00 0.000000000000000000e+00
-1.269411619758286073e-15 -3.455177500000000013e+00 0.000000000000000000e+00
1.348143382195762241e+00 -3.388787233180432512e+00 0.000000000000000000e+00
2.644478370261261535e+00 -3.192167773443515877e+00 0.000000000000000000e+00
3.839187537598170774e+00 -2.872875096361478420e+00 0.000000000000000000e+00
4.886358880906363389e+00 -2.443179440453183027e+00 0.000000000000000000e+00
5.745750192722955063e+00 -1.919593768799086497e+00 0.000000000000000000e+00
6.384335546887031754e+00 -1.322239185130632100e+00 0.000000000000000000e+00
6.777574466360865024e+00 -6.740716910978825638e-01 0.000000000000000000e+00
6.910355000000000025e+00 -8.462744131721907813e-16 0.000000000000000000e+00
8.601390500000000827e+00 0.000000000000000000e+00 0.000000000000000000e+00
8.484078744655795035e+00 7.078711725960484813e-01 0.000000000000000000e+00
8.135343437500043962e+00 1.396433464886103648e+00 0.000000000000000000e+00
7.564697168626859813e+00 2.046904692484425414e+00 0.000000000000000000e+00
6.787705680687301069e+00 2.641541695954069180e+00 0.000000000000000000e+00
5.825563276006719526e+00 3.164124327943361514e+00 0.000000000000000000e+00
4.704514691266741266e+00 3.600397896522885333e+00 0.000000000000000000e+00
3.455139209503518494e+00 3.938461996022104117e+00 0.000000000000000000e+00
2.111516536980742931e+00 4.169095119074015088e+00 0.000000000000000000e+00
7.102971976419378830e-01 4.286006195297443533e+00 0.000000000000000000e+00
-7.102971976419368838e-01 4.286006195297443533e+00 0.000000000000000000e+00
-2.111516536980742043e+00 4.169095119074015088e+00 0.000000000000000000e+00
-3.455139209503515829e+00 3.938461996022104561e+00 0.000000000000000000e+00
-4.704514691266739490e+00 3.600397896522885777e+00 0.000000000000000000e+00
-5.825563276006717750e+00 3.164124327943361958e+00 0.000000000000000000e+00
-6.787705680687300180e+00 2.641541695954069624e+00 0.000000000000000000e+00
-7.564697168626858037e+00 2.046904692484425858e+00 0.000000000000000000e+00
-8.135343437500043962e+00 1.396433464886104314e+00 0.000000000000000000e+00
-8.484078744655795035e+00 7.078711725960490364e-01 0.000000000000000000e+00
-8.601390500000000827e+00 5.266832672020726911e-16 0.000000000000000000e+00
-8.484078744655795035e+00 -7.078711725960480372e-01 0.000000000000000000e+00
-8.135343437500043962e+00 -1.396433464886103204e+00 0.000000000000000000e+00
-7.564697168626859813e+00 -2.046904692484424970e+00 0.000000000000000000e+00
-6.787705680687301957e+00 -2.641541695954069180e+00 0.000000000000000000e+00
-5.825563276006722191e+00 -3.164124327943360182e+00 0.000000000000000000e+00
-4.704514691266741266e+00 -3.600397896522885333e+00 0.000000000000000000e+00
-3.455139209503521158e+00 -3.938461996022103673e+00 0.000000000000000000e+00
-2.111516536980742043e+00 -4.169095119074015088e+00 0.000000000000000000e+00
-7.102971976419408806e-01 -4.286006195297443533e+00 0.000000000000000000e+00
7.102971976419376610e-01 -4.286006195297443533e+00 0.000000000000000000e+00
2.111516536980738934e+00 -4.169095119074015976e+00 0.000000000000000000e+00
3.455139209503518494e+00 -3.938461996022104117e+00 0.000000000000000000e+00
4.704514691266738602e+00 -3.600397896522886221e+00 0.000000000000000000e+00
5.825563276006715085e+00 -3.164124327943364179e+00 0.000000000000000000e+00
6.787705680687299292e+00 -2.641541695954070512e+00 0.000000000000000000e+00
7.564697168626856261e+00 -2.046904692484428079e+00 0.000000000000000000e+00
8.135343437500043962e+00 -1.396433464886104758e+00 0.000000000000000000e+00
8.484078744655793258e+00 -7.078711725960514789e-01 0.000000000000000000e+00
8.601390500000000827e+00 -1.053366534404145382e-15 0.000000000000000000e+00
1.046152955000000162e+01 0.000000000000000000e+00 0.000000000000000000e+00
1.035504626346098611e+01 7.444154429997218436e-01 0.000000000000000000e+00
1.003776409648543577e+01 1.473676734296835766e+00 0.000000000000000000e+00
9.516141999026759279e+00 2.172938217016434415e+00 0.000000000000000000e+00
8.800798692755298802e+00 2.827964943873945369e+00 0.000000000000000000e+00
7.906296504506996392e+00 3.425422459651644491e+00 0.000000000000000000e+00
6.850844919303288982e+00 3.953148252253498196e+00 0.000000000000000000e+00
5.655929887747891627e+00 4.400399346377648513e+00 0.000000000000000000e+00
4.345876434032869717e+00 4.758070999513378752e+00 0.000000000000000000e+00
2.947353468593672865e+00 5.018882048242717886e+00 0.000000000000000000e+00
1.488830885999443465e+00 5.177523131730493056e+00 0.000000000000000000e+00
6.405839338796476428e-16 5.230764775000000810e+00 0.000000000000000000e+00
-1.488830885999442355e+00 5.177523131730493944e+00 0.000000000000000000e+00
-2.947353468593671533e+00 5.018882048242717886e+00 0.000000000000000000e+00
-4.345876434032868829e+00 4.758070999513379640e+00 0.000000000000000000e+00
-5.655929887747890739e+00 4.400399346377648513e+00 0.000000000000000000e+00
-6.850844919303288094e+00 3.953148252253498196e+00 0.000000000000000000e+00
-7.906296504506995504e+00 3.425422459651645379e+00 0.000000000000000000e+00
-8.800798692755297026e+00 2.827964943873946257e+00 0.000000000000000000e+00
-9.516141999026759279e+00 2.172938217016434415e+00 0.000000000000000000e+00
-1.003776409648543577e+01 1.473676734296835766e+00 0.000000000000000000e+00
-1.035504626346098611e+01 7.444154429997220657e-01 0.000000000000000000e+00
-1.046152955000000162e+01 6.405839338796476428e-16 0.000000000000000000e+00
-1.035504626346098789e+01 -7.444154429997207334e-01 0.000000000000000000e+00
-1.003776409648543755e+01 -1.473676734296834434e+00 0.000000000000000000e+00
-9.516141999026757503e+00 -2.172938217016435303e+00 0.000000000000000000e+00
-8.800798692755298802e+00 -2.827964943873945369e+00 0.000000000000000000e+00
-7.906296504506997280e+00 -3.425422459651644047e+00 0.000000000000000000e+00
-6.850844919303290759e+00 -3.953148252253497752e+00 0.000000000000000000e+00
-5.655929887747888962e+00 -4.400399346377650289e+00 0.000000000000000000e+00
-4.345876434032868829e+00 -4.758070999513379640e+00 0.000000000000000000e+00
-2.947353468593672421e+00 -5.018882048242717886e+00 0.000000000000000000e+00
-1.488830885999444575e+00 -5.177523131730493056e+00 0.000000000000000000e+00
-1.921751801638942731e-15 -5.230764775000000810e+00 0.000000000000000000e+00
1.488830885999440801e+00 -5.177523131730493944e+00 0.000000000000000000e+00
2.947353468593667980e+00 -5.018882048242718774e+00 0.000000000000000000e+00
4.345876434032866165e+00 -4.758070999513379640e+00 0.000000000000000000e+00
5.655929887747886298e+00 -4.400399346377650289e+00 0.000000000000000000e+00
6.850844919303290759e+00 -3.953148252253497752e+00 0.000000000000000000e+00
7.906296504506997280e+00 -3.425422459651643603e+00 0.000000000000000000e+00
8.800798692755298802e+00 -2.827964943873944481e+00 0.000000000000000000e+00
9.516141999026757503e+00 -2.172938217016434859e+00 0.000000000000000000e+00
1.003776409648543577e+01 -1.473676734296836432e+00 0.000000000000000000e+00
1.035504626346098611e+01 -7.444154429997227318e-01 0.000000000000000000e+00
1.046152955000000162e+01 -1.281167867759295286e-15 0.000000000000000000e+00
1.250768250500000178e+01 0.000000000000000000e+00 0.000000000000000000e+00
1.240905569258439733e+01 7.838141463736636450e-01 0.000000000000000000e+00
1.211473065908617741e+01 1.555267075431139512e+00 0.000000000000000000e+00
1.162934908610486318e+01 2.302192513637549176e+00 0.000000000000000000e+00
1.096056573099926723e+01 3.012811000640748471e+00 0.000000000000000000e+00
1.011892770679121512e+01 3.675915658397789443e+00 0.000000000000000000e+00
9.117708147892653159e+00 4.281048930336321057e+00 0.000000000000000000e+00
7.972696884846985910e+00 4.818667503268779129e+00 0.000000000000000000e+00
6.701951429269017879e+00 5.280292811142249576e+00 0.000000000000000000e+00
5.325512196099754014e+00 5.658644747089975446e+00 0.000000000000000000e+00
3.865086454291214224e+00 5.947756475065570037e+00 0.000000000000000000e+00
2.343705990207768153e+00 6.143068530411885497e+00 0.000000000000000000e+00
7.853638825966530179e-01 6.241500725342340239e+00 0.000000000000000000e+00
-7.853638825966541281e-01 6.241500725342340239e+00 0.000000000000000000e+00
-2.343705990207772150e+00 6.143068530411884609e+00 0.000000000000000000e+00
-3.865086454291215556e+00 5.947756475065570037e+00 0.000000000000000000e+00
-5.325512196099754902e+00 5.658644747089975446e+00 0.000000000000000000e+00
-6.701951429269022320e+00 5.280292811142248688e+00 0.000000000000000000e+00
-7.972696884846986798e+00 4.818667503268779129e+00 0.000000000000000000e+00
-9.117708147892654935e+00 4.281048930336320169e+00 0.000000000000000000e+00
-1.011892770679121334e+01 3.675915658397789887e+00 0.000000000000000000e+00
-1.096056573099926723e+01 3.012811000640748027e+00 0.000000000000000000e+00
-1.162934908610486318e+01 2.302192513637547844e+00 0.000000000000000000e+00
-1.211473065908617741e+01 1.555267075431139512e+00 0.000000000000000000e+00
-1.240905569258439733e+01 7.838141463736626458e-01 0.000000000000000000e+00
-1.250768250500000178e+01 -2.011388753125471600e-15 0.000000000000000000e+00
-1.240905569258439733e+01 -7.838141463736638670e-01 0.000000000000000000e+00
-1.211473065908617741e+01 -1.555267075431140844e+00 0.000000000000000000e+00
-1.162934908610486140e+01 -2.302192513637550952e+00 0.000000000000000000e+00
-1.096056573099926723e+01 -3.012811000640748915e+00 0.000000000000000000e+00
-1.011892770679121156e+01 -3.675915658397790775e+00 0.000000000000000000e+00
-9.117708147892653159e+00 -4.281048930336321057e+00 0.000000000000000000e+00
-7.972696884846984133e+00 -4.818667503268780017e+00 0.000000000000000000e+00
-6.701951429269015215e+00 -5.280292811142250464e+00 0.000000000000000000e+00
-5.325512196099747797e+00 -5.658644747089977223e+00 0.000000000000000000e+00
-3.865086454291215556e+00 -5.947756475065570037e+00 0.000000000000000000e+00
-2.343705990207769485e+00 -6.143068530411885497e+00 0.000000000000000000e+00
-7.853638825966517967e-01 -6.241500725342340239e+00 0.000000000000000000e+00
7.853638825966581249e-01 -6.241500725342340239e+00 0.000000000000000000e+00
2.343705990207775702e+00 -6.143068530411884609e+00 0.000000000000000000e+00
3.865086454291211560e+00 -5.947756475065570925e+00 0.000000000000000000e+00
5.325512196099753126e+00 -5.658644747089975446e+00 0.000000000000000000e+00
6.701951429269020544e+00 -5.280292811142248688e+00 0.000000000000000000e+00
7.972696884846990351e+00 -4.818667503268777352e+00 0.000000000000000000e+00
9.117708147892658488e+00 -4.281048930336318392e+00 0.000000000000000000e+00
1.011892770679121867e+01 -3.675915658397785890e+00 0.000000000000000000e+00
1.096056573099926723e+01 -3.012811000640748471e+00 0.000000000000000000e+00
1.162934908610486318e+01 -2.302192513637548288e+00 0.000000000000000000e+00
1.211473065908617741e+01 -1.555267075431137513e+00 0.000000000000000000e+00
1.240905569258439733e+01 -7.838141463736607584e-01 0.000000000000000000e+00
1.250768250500000178e+01 -1.531749334449960041e-15 0.000000000000000000e+00
1.475845075550000196e+01 0.000000000000000000e+00 0.000000000000000000e+00
1.466565271484850363e+01 8.262111034680128530e-01 0.000000000000000000e+00
1.438842558209787370e+01 1.642032122931067040e+00 0.000000000000000000e+00
1.393025564929338600e+01 2.437203635719034089e+00 0.000000000000000000e+00
1.329690466917644009e+01 3.201725898689345762e+00 0.000000000000000000e+00
1.249633739780080610e+01 3.925984600799001800e+00 0.000000000000000000e+00
1.153862143310398025e+01 4.600871768644285709e+00 0.000000000000000000e+00
1.043580060902177742e+01 5.217900304510888709e+00 0.000000000000000000e+00
9.201743537288573194e+00 5.769310716551990126e+00 0.000000000000000000e+00
7.851969201598003600e+00 6.248168698900402163e+00 0.000000000000000000e+00
6.403451797378692412e+00 6.648452334588220047e+00 0.000000000000000000e+00
4.874407271438068179e+00 6.965127824646693000e+00 0.000000000000000000e+00
3.284064245862134968e+00 7.194212791048936850e+00 0.000000000000000000e+00
1.652422206936026594e+00 7.332826357424251817e+00 0.000000000000000000e+00
9.036944739048457841e-16 7.379225377750000980e+00 0.000000000000000000e+00
-1.652422206936024818e+00 7.332826357424251817e+00 0.000000000000000000e+00
-3.284064245862133191e+00 7.194212791048936850e+00 0.000000000000000000e+00
-4.874407271438066402e+00 6.965127824646693000e+00 0.000000000000000000e+00
-6.403451797378690635e+00 6.648452334588220047e+00 0.000000000000000000e+00
-7.851969201598001824e+00 6.248168698900403051e+00 0.000000000000000000e+00
-9.201743537288571417e+00 5.769310716551991014e+00 0.000000000000000000e+00
-1.043580060902177564e+01 5.217900304510888709e+00 0.000000000000000000e+00
-1.153862143310397848e+01 4.600871768644286597e+00 0.000000000000000000e+00
-1.249633739780080433e+01 3.925984600799002688e+00 0.000000000000000000e+00
-1.329690466917643832e+01 3.201725898689346650e+00 0.000000000000000000e+00
-1.393025564929338600e+01 2.437203635719034533e+00 0.000000000000000000e+00
-1.438842558209787370e+01 1.642032122931067928e+00 0.000000000000000000e+00
-1.466565271484850363e+01 8.262111034680137411e-01 0.000000000000000000e+00
-1.475845075550000196e+01 9.036944739048457841e-16 0.000000000000000000e+00
-1.466565271484850363e+01 -8.262111034680119648e-01 0.000000000000000000e+00
-1.438842558209787370e+01 -1.642032122931066374e+00 0.000000000000000000e+00
-1.393025564929338600e+01 -2.437203635719032757e+00 0.000000000000000000e+00
-1.329690466917644009e+01 -3.201725898689344874e+00 0.000000000000000000e+00
-1.249633739780080610e+01 -3.925984600799000912e+00 0.000000000000000000e+00
-1.153862143310398203e+01 -4.600871768644284820e+00 0.000000000000000000e+00
-1.043580060902177920e+01 -5.217900304510887821e+00 0.000000000000000000e+00
-9.201743537288574970e+00 -5.769310716551989238e+00 0.000000000000000000e+00
-7.851969201598005377e+00 -6.248168698900402163e+00 0.000000000000000000e+00
-6.403451797378694188e+00 -6.648452334588219159e+00 0.000000000000000000e+00
-4.874407271438069955e+00 -6.965127824646692112e+00 0.000000000000000000e+00
-3.284064245862137188e+00 -7.194212791048936850e+00 0.000000000000000000e+00
-1.652422206936028370e+00 -7.332826357424251817e+00 0.000000000000000000e+00
-2.711083421714536761e-15 -7.379225377750000980e+00 0.000000000000000000e+00
1.652422206936023041e+00 -7.332826357424251817e+00 0.000000000000000000e+00
3.284064245862131859e+00 -7.194212791048936850e+00 0.000000000000000000e+00
4.874407271438064626e+00 -6.965127824646693000e+00 0.000000000000000000e+00
6.403451797378688859e+00 -6.648452334588220047e+00 0.000000000000000000e+00
7.851969201598000936e+00 -6.248168698900403051e+00 0.000000000000000000e+00
9.201743537288569641e+00 -5.769310716551991014e+00 0.000000000000000000e+00
1.043580060902177387e+01 -5.217900304510889598e+00 0.000000000000000000e+00
1.153862143310397848e+01 -4.600871768644287485e+00 0.000000000000000000e+00
1.249633739780080255e+01 -3.925984600799003577e+00 0.000000000000000000e+00
1.329690466917643832e+01 -3.201725898689347538e+00 0.000000000000000000e+00
1.393025564929338422e+01 -2.437203635719035422e+00 0.000000000000000000e+00
1.438842558209787192e+01 -1.642032122931069038e+00 0.000000000000000000e+00
1.466565271484850363e+01 -8.262111034680146293e-01 0.000000000000000000e+00
1.475845075550000196e+01 -1.807388947809691568e-15 0.000000000000000000e+00
1.723429583105000162e+01 0.000000000000000000e+00 0.000000000000000000e+00
1.714587223257247572e+01 8.717823949311632736e-01 0.000000000000000000e+00
1.688150878291651935e+01 1.734619122780264533e+00 0.000000000000000000e+00
1.644391820881650901e+01 2.579656311114925771e+00 0.000000000000000000e+00
1.583759078171737222e+01 3.398222734864812189e+00 0.000000000000000000e+00
1.506874824151324788e+01 4.181918794824897034e+00 0.000000000000000000e+00
1.414527995307681429e+01 4.922702708909777236e+00 0.000000000000000000e+00
1.307666195069969284e+01 5.612973031720141392e+00 0.000000000000000000e+00
1.187385970115746936e+01 6.245646655658966928e+00 0.000000000000000000e+00
1.054921558318195274e+01 6.814231493200435530e+00 0.000000000000000000e+00
9.116322237953458085e+00 7.312893094493154500e+00 0.000000000000000000e+00
7.589883090208538796e+00 7.736514516710899514e+00 0.000000000000000000e+00
5.985561471205253170e+00 8.080748830810339456e+00 0.000000000000000000e+00
4.319819891748593044e+00 8.342063726905360355e+00 0.000000000000000000e+00
2.609751114552293583e+00 8.517777760546476173e+00 0.000000000000000000e+00
8.729027593631750737e-01 8.606087867969446137e+00 0.000000000000000000e+00
-8.729027593631729642e-01 8.606087867969446137e+00 0.000000000000000000e+00
-2.609751114552291362e+00 8.517777760546476173e+00 0.000000000000000000e+00
-4.319819891748591267e+00 8.342063726905360355e+00 0.000000000000000000e+00
-5.985561471205250506e+00 8.080748830810339456e+00 0.000000000000000000e+00
-7.589883090208541461e+00 7.736514516710898626e+00 0.000000000000000000e+00
-9.116322237953459862e+00 7.312893094493154500e+00 0.000000000000000000e+00
-1.054921558318195274e+01 6.814231493200435530e+00 0.000000000000000000e+00
-1.187385970115746758e+01 6.245646655658966040e+00 0.000000000000000000e+00
-1.307666195069969284e+01 5.612973031720142281e+00 0.000000000000000000e+00
-1.414527995307681429e+01 4.922702708909777236e+00 0.000000000000000000e+00
-1.506874824151324788e+01 4.181918794824897034e+00 0.000000000000000000e+00
-1.583759078171737222e+01 3.398222734864812633e+00 0.000000000000000000e+00
-1.644391820881650901e+01 2.579656311114926659e+00 0.000000000000000000e+00
-1.688150878291651935e+01 1.734619122780265421e+00 0.000000000000000000e+00
-1.714587223257247572e+01 8.717823949311641618e-01 0.000000000000000000e+00
-1.723429583105000162e+01 1.055296261252697996e-15 0.000000000000000000e+00
-1.714587223257247572e+01 -8.717823949311621634e-01 0.000000000000000000e+00
-1.688150878291651935e+01 -1.734619122780263423e+00 0.000000000000000000e+00
-1.644391820881651256e+01 -2.579656311114924438e+00 0.000000000000000000e+00
-1.583759078171737578e+01 -3.398222734864810857e+00 0.000000000000000000e+00
-1.506874824151324965e+01 -4.181918794824895258e+00 0.000000000000000000e+00
-1.414527995307681785e+01 -4.922702708909775460e+00 0.000000000000000000e+00
-1.307666195069969461e+01 -5.612973031720140504e+00 0.000000000000000000e+00
-1.187385970115747114e+01 -6.245646655658965152e+00 0.000000000000000000e+00
-1.054921558318194741e+01 -6.814231493200436418e+00 0.000000000000000000e+00
-9.116322237953463414e+00 -7.312893094493153612e+00 0.000000000000000000e+00
-7.589883090208537908e+00 -7.736514516710899514e+00 0.000000000000000000e+00
-5.985561471205258499e+00 -8.080748830810337680e+00 0.000000000000000000e+00
-4.319819891748592156e+00 -8.342063726905360355e+00 0.000000000000000000e+00
-2.609751114552299356e+00 -8.517777760546476173e+00 0.000000000000000000e+00
-8.729027593631732973e-01 -8.606087867969446137e+00 0.000000000000000000e+00
8.729027593631669690e-01 -8.606087867969447913e+00 0.000000000000000000e+00
2.609751114552293139e+00 -8.517777760546476173e+00 0.000000000000000000e+00
4.319819891748585938e+00 -8.342063726905362131e+00 0.000000000000000000e+00
5.985561471205253170e+00 -8.080748830810339456e+00 0.000000000000000000e+00
7.589883090208532579e+00 -7.736514516710902178e+00 0.000000000000000000e+00
9.116322237953458085e+00 -7.312893094493154500e+00 0.000000000000000000e+00
1.054921558318194386e+01 -6.814231493200438194e+00 0.000000000000000000e+00
1.187385970115746758e+01 -6.245646655658966928e+00 0.000000000000000000e+00
1.307666195069968573e+01 -5.612973031720144945e+00 0.000000000000000000e+00
1.414527995307681429e+01 -4.922702708909778124e+00 0.000000000000000000e+00
1.506874824151324255e+01 -4.181918794824901475e+00 0.000000000000000000e+00
1.583759078171737222e+01 -3.398222734864813521e+00 0.000000000000000000e+00
1.644391820881650901e+01 -2.579656311114931100e+00 0.000000000000000000e+00
1.688150878291651935e+01 -1.734619122780266531e+00 0.000000000000000000e+00
1.714587223257247217e+01 -8.717823949311690468e-01 0.000000000000000000e+00
1.723429583105000162e+01 -2.110592522505395991e-15 0.000000000000000000e+00
1.995772541415500001e+01 0.000000000000000000e+00 0.000000000000000000e+00
1.987258927598610470e+01 9.207332912915655587e-01 0.000000000000000000e+00
1.961790721299212237e+01 1.833611210783246515e+00 0.000000000000000000e+00
1.919585208273614896e+01 2.730845405937627479e+00 0.000000000000000000e+00
1.861002471077708265e+01 3.604780990957519471e+00 0.000000000000000000e+00
1.786542316969556410e+01 4.447961855572540202e+00 0.000000000000000000e+00
1.696840013730099272e+01 5.253194277942993651e+00 0.000000000000000000e+00
1.592660869782434219e+01 6.013608298958171616e+00 0.000000000000000000e+00
1.474893704850191689e+01 6.722716334305202324e+00 0.000000000000000000e+00
1.344543266861040465e+01 7.374468524250958446e+00 0.000000000000000000e+00
1.202721659791634323e+01 7.963304348912171093e+00 0.000000000000000000e+00
1.050638855588598908e+01 8.484200068650494586e+00 0.000000000000000000e+00
8.895923711145082180e+00 8.932711584847782049e+00 0.000000000000000000e+00
7.209561981915040718e+00 9.305012355388541323e+00 0.000000000000000000e+00
5.461690811875254070e+00 9.597926041368074479e+00 0.000000000000000000e+00
3.667222421566492141e+00 9.808953606496061184e+00 0.000000000000000000e+00
1.841466582583131562e+00 9.936294637993052348e+00 0.000000000000000000e+00
1.222058227335335251e-15 9.978862707077500005e+00 0.000000000000000000e+00
-1.841466582583129119e+00 9.936294637993054124e+00 0.000000000000000000e+00
-3.667222421566493917e+00 9.808953606496061184e+00 0.000000000000000000e+00
-5.461690811875255847e+00 9.597926041368074479e+00 0.000000000000000000e+00
-7.209561981915038942e+00 9.305012355388541323e+00 0.000000000000000000e+00
-8.895923711145080404e+00 8.932711584847782049e+00 0.000000000000000000e+00
-1.050638855588599085e+01 8.484200068650494586e+00 0.000000000000000000e+00
-1.202721659791634146e+01 7.963304348912171982e+00 0.000000000000000000e+00
-1.344543266861040465e+01 7.374468524250958446e+00 0.000000000000000000e+00
-1.474893704850191511e+01 6.722716334305204100e+00 0.000000000000000000e+00
-1.592660869782434219e+01 6.013608298958171616e+00 0.000000000000000000e+00
-1.696840013730099272e+01 5.253194277942993651e+00 0.000000000000000000e+00
-1.786542316969556055e+01 4.447961855572541090e+00 0.000000000000000000e+00
-1.861002471077708265e+01 3.604780990957519471e+00 0.000000000000000000e+00
-1.919585208273614896e+01 2.730845405937629700e+00 0.000000000000000000e+00
-1.961790721299212237e+01 1.833611210783246737e+00 0.000000000000000000e+00
-1.987258927598610825e+01 9.207332912915641154e-01 0.000000000000000000e+00
-1.995772541415500001e+01 1.222058227335335251e-15 0.000000000000000000e+00
-1.987258927598610470e+01 -9.207332912915662249e-01 0.000000000000000000e+00
-1.961790721299212237e+01 -1.833611210783244294e+00 0.000000000000000000e+00
-1.919585208273614896e+01 -2.730845405937627479e+00 0.000000000000000000e+00
-1.861002471077708265e+01 -3.604780990957521247e+00 0.000000000000000000e+00
-1.786542316969556410e+01 -4.447961855572539314e+00 0.000000000000000000e+00
-1.696840013730098917e+01 -5.253194277942994539e+00 0.000000000000000000e+00
-1.592660869782434396e+01 -6.013608298958168952e+00 0.000000000000000000e+00
-1.474893704850191689e+01 -6.722716334305202324e+00 0.000000000000000000e+00
-1.344543266861040287e+01 -7.374468524250959334e+00 0.000000000000000000e+00
-1.202721659791634501e+01 -7.963304348912170205e+00 0.000000000000000000e+00
-1.050638855588599263e+01 -8.484200068650494586e+00 0.000000000000000000e+00
-8.895923711145076851e+00 -8.932711584847783826e+00 0.000000000000000000e+00
-7.209561981915039830e+00 -9.305012355388541323e+00 0.000000000000000000e+00
-5.461690811875260287e+00 -9.597926041368074479e+00 0.000000000000000000e+00
-3.667222421566485480e+00 -9.808953606496062960e+00 0.000000000000000000e+00
-1.841466582583129785e+00 -9.936294637993054124e+00 0.000000000000000000e+00
-3.666174682006005556e-15 -9.978862707077500005e+00 0.000000000000000000e+00
1.841466582583122236e+00 -9.936294637993054124e+00 0.000000000000000000e+00
3.667222421566496138e+00 -9.808953606496061184e+00 0.000000000000000000e+00
5.461690811875254070e+00 -9.597926041368074479e+00 0.000000000000000000e+00
7.209561981915033613e+00 -9.305012355388543099e+00 0.000000000000000000e+00
8.895923711145085733e+00 -8.932711584847780273e+00 0.000000000000000000e+00
1.050638855588598908e+01 -8.484200068650494586e+00 0.000000000000000000e+00
1.202721659791633790e+01 -7.963304348912173758e+00 0.000000000000000000e+00
1.344543266861040998e+01 -7.374468524250955781e+00 0.000000000000000000e+00
1.474893704850191867e+01 -6.722716334305201435e+00 0.000000000000000000e+00
1.592660869782434041e+01 -6.013608298958172504e+00 0.000000000000000000e+00
1.696840013730098562e+01 -5.253194277942998092e+00 0.000000000000000000e+00
1.786542316969556765e+01 -4.447961855572538425e+00 0.000000000000000000e+00
1.861002471077708265e+01 -3.604780990957520359e+00 0.000000000000000000e+00
1.919585208273614541e+01 -2.730845405937631032e+00 0.000000000000000000e+00
1.961790721299212237e+01 -1.833611210783243628e+00 0.000000000000000000e+00
1.987258927598610825e+01 -9.207332912915654477e-01 0.000000000000000000e+00
1.995772541415500001e+01 -2.444116454670670502e-15 0.000000000000000000e+00
2.955000000000000071e+01 1.400000000000000000e+01 1.000000000000000000e+00
2.909601551083914828e+01 1.454800775541957414e+01 1.000000000000000000e+00
2.800000000000000000e+01 1.477500000000000036e+01 1.000000000000000000e+00
2.690398448916085172e+01 1.454800775541957414e+01 1.000000000000000000e+00
2.644999999999999929e+01 1.400000000000000000e+01 1.000000000000000000e+00
2.690398448916085172e+01 1.345199224458042586e+01 1.000000000000000000e+00
2.800000000000000000e+01 1.322499999999999964e+01 1.000000000000000000e+00
2.909601551083914828e+01 1.345199224458042586e+01 1.000000000000000000e+00
2.955000000000000071e+01 1.400000000000000000e+01 1.000000000000000000e+00
3.070499999999999829e+01 1.400000000000000000e+01 1.000000000000000000e+00
3.043712078767604368e+01 1.458682775715649704e+01 1.000000000000000000e+00
2.968653991402787540e+01 1.505742708003801056e+01 1.000000000000000000e+00
2.860191912635183087e+01 1.531859000122591574e+01 1.000000000000000000e+00
2.739808087364816913e+01 1.531859000122591574e+01 1.000000000000000000e+00
2.631346008597212460e+01 1.505742708003801056e+01 1.000000000000000000e+00
2.556287921232395632e+01 1.458682775715649704e+01 1.000000000000000000e+00
2.529500000000000171e+01 1.400000000000000000e+01 1.000000000000000000e+00
2.556287921232395632e+01 1.341317224284350296e+01 1.000000000000000000e+00
2.631346008597212460e+01 1.294257291996198944e+01 1.000000000000000000e+00
2.739808087364816913e+01 1.268140999877408426e+01 1.000000000000000000e+00
2.860191912635183087e+01 1.268140999877408426e+01 1.000000000000000000e+00
2.968653991402787540e+01 1.294257291996198944e+01 1.000000000000000000e+00
3.043712078767604368e+01 1.341317224284350296e+01 1.000000000000000000e+00
3.070499999999999829e+01 1.400000000000000000e+01 1.000000000000000000e+00
3.197550000000000026e+01 1.400000000000000000e+01 1.000000000000000000e+00
3.178092518053138349e+01 1.461424853056880124e+01 1.000000000000000000e+00
3.121624706113760439e+01 1.516837013524436273e+01 1.000000000000000000e+00
3.033674027048872546e+01 1.560812353056880220e+01 1.000000000000000000e+00
2.922849706113760249e+01 1.589046259026569174e+01 1.000000000000000000e+00
2.800000000000000000e+01 1.598775000000000013e+01 1.000000000000000000e+00
2.677150293886239751e+01 1.589046259026569174e+01 1.000000000000000000e+00
2.566325972951127454e+01 1.560812353056880220e+01 1.000000000000000000e+00
2.478375293886239561e+01 1.516837013524436450e+01 1.000000000000000000e+00
2.421907481946861651e+01 1.461424853056880124e+01 1.000000000000000000e+00
2.402449999999999974e+01 1.400000000000000000e+01 1.000000000000000000e+00
2.421907481946861651e+01 1.338575146943119876e+01 1.000000000000000000e+00
2.478375293886239561e+01 1.283162986475563727e+01 1.000000000000000000e+00
2.566325972951127099e+01 1.239187646943119780e+01 1.000000000000000000e+00
2.677150293886239751e+01 1.210953740973430826e+01 1.000000000000000000e+00
2.800000000000000000e+01 1.201224999999999987e+01 1.000000000000000000e+00
2.922849706113760249e+01 1.210953740973430826e+01 1.000000000000000000e+00
3.033674027048872546e+01 1.239187646943119780e+01 1.000000000000000000e+00
3.121624706113760439e+01 1.283162986475563550e+01 1.000000000000000000e+00
3.178092518053138349e+01 1.338575146943119698e+01 1.000000000000000000e+00
3.197550000000000026e+01 1.400000000000000000e+01 1.000000000000000000e+00
3.337304999999999922e+01 1.400000000000000000e+01 1.000000000000000000e+00
3.321691893212104674e+01 1.464292751500013168e+01 1.000000000000000000e+00
3.275759949863598308e+01 1.524849041977488540e+01 1.000000000000000000e+00
3.202178567546073396e+01 1.578149559943035207e+01 1.000000000000000000e+00
3.105224028742383879e+01 1.621096673031995650e+01 1.000000000000000000e+00
2.990530978832389764e+01 1.651194451138043462e+01 1.000000000000000000e+00
2.864764960984586395e+01 1.666693720798627254e+01 1.000000000000000000e+00
2.735235039015413605e+01 1.666693720798627254e+01 1.000000000000000000e+00
2.609469021167610592e+01 1.651194451138043462e+01 1.000000000000000000e+00
2.494775971257616476e+01 1.621096673031995650e+01 1.000000000000000000e+00
2.397821432453926604e+01 1.578149559943035385e+01 1.000000000000000000e+00
2.324240050136402047e+01 1.524849041977488540e+01 1.000000000000000000e+00
2.278308106787895326e+01 1.464292751500013168e+01 1.000000000000000000e+00
2.262695000000000078e+01 1.400000000000000000e+01 1.000000000000000000e+00
2.278308106787894971e+01 1.335707248499987010e+01 1.000000000000000000e+00
2.324240050136402047e+01 1.275150958022511460e+01 1.000000000000000000e+00
2.397821432453926604e+01 1.221850440056964793e+01 1.000000000000000000e+00
2.494775971257616121e+01 1.178903326968004528e+01 1.000000000000000000e+00
2.609469021167610236e+01 1.148805548861956538e+01 1.000000000000000000e+00
2.735235039015413250e+01 1.133306279201372568e+01 1.000000000000000000e+00
2.864764960984586040e+01 1.133306279201372568e+01 1.000000000000000000e+00
2.990530978832389764e+01 1.148805548861956538e+01 1.000000000000000000e+00
3.105224028742383524e+01 1.178903326968004350e+01 1.000000000000000000e+00
3.202178567546073396e+01 1.221850440056964615e+01 1.000000000000000000e+00
3.275759949863597598e+01 1.275150958022511283e+01 1.000000000000000000e+00
3.321691893212104674e+01 1.335707248499986655e+01 1.000000000000000000e+00
3.337304999999999922e+01 1.400000000000000000e+01 1.000000000000000000e+00
3.491035500000000269e+01 1.400000000000000000e+01 1.000000000000000000e+00
3.477757446636086769e+01 1.467407169109788079e+01 1.000000000000000000e+00
3.438433554688702998e+01 1.532223918513063055e+01 1.000000000000000000e+00
3.374575019272295151e+01 1.591959376879908561e+01 1.000000000000000000e+00
3.288635888090636428e+01 1.644317944045318214e+01 1.000000000000000000e+00
3.183918753759817477e+01 1.687287509636147576e+01 1.000000000000000000e+00
3.064447837026126109e+01 1.719216777344351499e+01 1.000000000000000000e+00
2.934814338219576157e+01 1.738878723318043384e+01 1.000000000000000000e+00
2.800000000000000000e+01 1.745517750000000134e+01 1.000000000000000000e+00
2.665185661780423843e+01 1.738878723318043384e+01 1.000000000000000000e+00
2.535552162973873891e+01 1.719216777344351499e+01 1.000000000000000000e+00
2.416081246240182878e+01 1.687287509636147931e+01 1.000000000000000000e+00
2.311364111909363572e+01 1.644317944045318214e+01 1.000000000000000000e+00
2.225424980727704494e+01 1.591959376879908561e+01 1.000000000000000000e+00
2.161566445311296647e+01 1.532223918513063055e+01 1.000000000000000000e+00
2.122242553363913586e+01 1.467407169109788256e+01 1.000000000000000000e+00
2.108964500000000086e+01 1.400000000000000000e+01 1.000000000000000000e+00
2.122242553363913586e+01 1.332592830890211921e+01 1.000000000000000000e+00
2.161566445311296647e+01 1.267776081486936945e+01 1.000000000000000000e+00
2.225424980727704138e+01 1.208040623120091439e+01 1.000000000000000000e+00
2.311364111909363572e+01 1.155682055954681786e+01 1.000000000000000000e+00
2.416081246240182878e+01 1.112712490363852247e+01 1.000000000000000000e+00
2.535552162973873536e+01 1.080783222655648501e+01 1.000000000000000000e+00
2.665185661780423487e+01 1.061121276681956793e+01 1.000000000000000000e+00
2.800000000000000000e+01 1.054482250000000043e+01 1.000000000000000000e+00
2.934814338219576157e+01 1.061121276681956793e+01 1.000000000000000000e+00
3.064447837026126109e+01 1.080783222655648501e+01 1.000000000000000000e+00
3.183918753759817122e+01 1.112712490363852069e+01 1.000000000000000000e+00
3.288635888090636428e+01 1.155682055954681786e+01 1.000000000000000000e+00
3.374575019272295151e+01 1.208040623120091439e+01 1.000000000000000000e+00
3.438433554688702998e+01 1.267776081486936768e+01 1.000000000000000000e+00
3.477757446636086769e+01 1.332592830890211744e+01 1.000000000000000000e+00
3.491035500000000269e+01 1.400000000000000000e+01 1.000000000000000000e+00
3.660139050000000083e+01 1.400000000000000000e+01 1.000000000000000000e+00
3.648407874465579681e+01 1.470787117259604848e+01 1.000000000000000000e+00
3.613534343750004041e+01 1.539643346488610298e+01 1.000000000000000000e+00
3.556469716862685715e+01 1.604690469248442497e+01 1.000000000000000000e+00
3.478770568068730284e+01 1.664154169595406785e+01 1.000000000000000000e+00
3.382556327600671864e+01 1.716412432794336240e+01 1.000000000000000000e+00
3.270451469126673771e+01 1.760039789652288533e+01 1.000000000000000000e+00
3.145513920950351761e+01 1.793846199602210589e+01 1.000000000000000000e+00
3.011151653698074426e+01 1.816909511907401509e+01 1.000000000000000000e+00
2.871029719764193899e+01 1.828600619529744264e+01 1.000000000000000000e+00
2.728970280235806456e+01 1.828600619529744264e+01 1.000000000000000000e+00
2.588848346301925929e+01 1.816909511907401509e+01 1.000000000000000000e+00
2.454486079049648595e+01 1.793846199602210589e+01 1.000000000000000000e+00
2.329548530873326229e+01 1.760039789652288533e+01 1.000000000000000000e+00
2.217443672399328136e+01 1.716412432794336240e+01 1.000000000000000000e+00
2.121229431931270071e+01 1.664154169595406785e+01 1.000000000000000000e+00
2.043530283137314285e+01 1.604690469248442497e+01 1.000000000000000000e+00
1.986465656249995604e+01 1.539643346488610476e+01 1.000000000000000000e+00
1.951592125534420319e+01 1.470787117259604848e+01 1.000000000000000000e+00
1.939860949999999917e+01 1.400000000000000000e+01 1.000000000000000000e+00
1.951592125534420319e+01 1.329212882740395152e+01 1.000000000000000000e+00
1.986465656249995604e+01 1.260356653511389702e+01 1.000000000000000000e+00
2.043530283137313930e+01 1.195309530751557503e+01 1.000000000000000000e+00
2.121229431931269716e+01 1.135845830404593038e+01 1.000000000000000000e+00
2.217443672399327781e+01 1.083587567205663937e+01 1.000000000000000000e+00
2.329548530873325873e+01 1.039960210347711467e+01 1.000000000000000000e+00
2.454486079049647884e+01 1.006153800397789588e+01 1.000000000000000000e+00
2.588848346301925929e+01 9.830904880925984912e+00 1.000000000000000000e+00
2.728970280235805745e+01 9.713993804702557355e+00 1.000000000000000000e+00
2.871029719764193899e+01 9.713993804702557355e+00 1.000000000000000000e+00
3.011151653698073716e+01 9.830904880925984912e+00 1.000000000000000000e+00
3.145513920950351761e+01 1.006153800397789588e+01 1.000000000000000000e+00
3.270451469126673771e+01 1.039960210347711467e+01 1.000000000000000000e+00
3.382556327600671864e+01 1.083587567205663582e+01 1.000000000000000000e+00
3.478770568068729574e+01 1.135845830404592860e+01 1.000000000000000000e+00
3.556469716862685715e+01 1.195309530751557148e+01 1.000000000000000000e+00
3.613534343750004041e+01 1.260356653511389524e+01 1.000000000000000000e+00
3.648407874465578971e+01 1.329212882740394797e+01 1.000000000000000000e+00
3.660139050000000083e+01 1.399999999999999822e+01 1.000000000000000000e+00
3.846152955000000162e+01 1.400000000000000000e+01 1.000000000000000000e+00
3.835504626346098433e+01 1.474441544299972229e+01 1.000000000000000000e+00
3.803776409648543222e+01 1.547367673429683599e+01 1.000000000000000000e+00
3.751614199902675750e+01 1.617293821701643353e+01 1.000000000000000000e+00
3.680079869275530058e+01 1.682796494387394404e+01 1.000000000000000000e+00
3.590629650450699728e+01 1.742542245965164582e+01 1.000000000000000000e+00
3.485084491930329165e+01 1.795314825225349864e+01 1.000000000000000000e+00
3.365592988774788807e+01 1.840039934637764674e+01 1.000000000000000000e+00
3.234587643403286705e+01 1.875807099951337875e+01 1.000000000000000000e+00
3.094735346859367198e+01 1.901888204824271611e+01 1.000000000000000000e+00
2.948883088599944458e+01 1.917752313173049217e+01 1.000000000000000000e+00
2.800000000000000000e+01 1.923076477500000081e+01 1.000000000000000000e+00
2.651116911400055898e+01 1.917752313173049572e+01 1.000000000000000000e+00
2.505264653140632802e+01 1.901888204824271611e+01 1.000000000000000000e+00
2.365412356596713295e+01 1.875807099951337875e+01 1.000000000000000000e+00
2.234407011225210837e+01 1.840039934637764674e+01 1.000000000000000000e+00
2.114915508069671191e+01 1.795314825225349864e+01 1.000000000000000000e+00
2.009370349549300272e+01 1.742542245965164582e+01 1.000000000000000000e+00
1.919920130724470297e+01 1.682796494387394759e+01 1.000000000000000000e+00
1.848385800097324250e+01 1.617293821701643353e+01 1.000000000000000000e+00
1.796223590351456423e+01 1.547367673429683599e+01 1.000000000000000000e+00
1.764495373653901567e+01 1.474441544299972229e+01 1.000000000000000000e+00
1.753847044999999838e+01 1.400000000000000000e+01 1.000000000000000000e+00
1.764495373653901211e+01 1.325558455700027949e+01 1.000000000000000000e+00
1.796223590351456068e+01 1.252632326570316579e+01 1.000000000000000000e+00
1.848385800097324250e+01 1.182706178298356470e+01 1.000000000000000000e+00
1.919920130724469942e+01 1.117203505612605419e+01 1.000000000000000000e+00
2.009370349549300272e+01 1.057457754034835595e+01 1.000000000000000000e+00
2.114915508069670835e+01 1.004685174774650136e+01 1.000000000000000000e+00
2.234407011225211193e+01 9.599600653622349711e+00 1.000000000000000000e+00
2.365412356596713295e+01 9.241929000486621248e+00 1.000000000000000000e+00
2.505264653140632802e+01 8.981117951757282114e+00 1.000000000000000000e+00
2.651116911400055542e+01 8.822476868269507833e+00 1.000000000000000000e+00
2.799999999999999645e+01 8.769235224999999190e+00 1.000000000000000000e+00
2.948883088599944102e+01 8.822476868269506056e+00 1.000000000000000000e+00
3.094735346859366842e+01 8.981117951757280338e+00 1.000000000000000000e+00
3.234587643403286705e+01 9.241929000486621248e+00 1.000000000000000000e+00
3.365592988774788807e+01 9.599600653622349711e+00 1.000000000000000000e+00
3.485084491930329165e+01 1.004685174774650136e+01 1.000000000000000000e+00
3.590629650450699728e+01 1.057457754034835595e+01 1.000000000000000000e+00
3.680079869275530058e+01 1.117203505612605596e+01 1.000000000000000000e+00
3.751614199902675750e+01 1.182706178298356470e+01 1.000000000000000000e+00
3.803776409648543222e+01 1.252632326570316401e+01 1.000000000000000000e+00
3.835504626346098433e+01 1.325558455700027771e+01 1.000000000000000000e+00
3.846152955000000162e+01 1.399999999999999822e+01 1.000000000000000000e+00
4.050768250500000534e+01 1.400000000000000000e+01 1.000000000000000000e+00
4.040905569258439556e+01 1.478381414637366298e+01 1.000000000000000000e+00
4.011473065908617741e+01 1.555526707543113929e+01 1.000000000000000000e+00
3.962934908610486673e+01 1.630219251363755006e+01 1.000000000000000000e+00
3.896056573099926368e+01 1.701281100064074892e+01 1.000000000000000000e+00
3.811892770679121156e+01 1.767591565839779122e+01 1.000000000000000000e+00
3.711770814789265671e+01 1.828104893033632194e+01 1.000000000000000000e+00
3.597269688484698236e+01 1.881866750326877735e+01 1.000000000000000000e+00
3.470195142926901610e+01 1.928029281114224958e+01 1.000000000000000000e+00
3.332551219609975135e+01 1.965864474708997633e+01 1.000000000000000000e+00
3.186508645429121600e+01 1.994775647506557092e+01 1.000000000000000000e+00
3.034370599020776638e+01 2.014306853041188461e+01 1.000000000000000000e+00
2.878536388259665202e+01 2.024150072534234113e+01 1.000000000000000000e+00
2.721463611740334443e+01 2.024150072534234113e+01 1.000000000000000000e+00
2.565629400979222652e+01 2.014306853041188461e+01 1.000000000000000000e+00
2.413491354570878400e+01 1.994775647506557092e+01 1.000000000000000000e+00
2.267448780390024510e+01 1.965864474708997633e+01 1.000000000000000000e+00
2.129804857073097679e+01 1.928029281114224958e+01 1.000000000000000000e+00
2.002730311515301409e+01 1.881866750326877735e+01 1.000000000000000000e+00
1.888229185210734329e+01 1.828104893033631839e+01 1.000000000000000000e+00
1.788107229320878844e+01 1.767591565839779122e+01 1.000000000000000000e+00
1.703943426900073277e+01 1.701281100064074892e+01 1.000000000000000000e+00
1.637065091389513682e+01 1.630219251363754651e+01 1.000000000000000000e+00
1.588526934091382259e+01 1.555526707543113929e+01 1.000000000000000000e+00
1.559094430741560267e+01 1.478381414637366298e+01 1.000000000000000000e+00
1.549231749499999822e+01 1.399999999999999822e+01 1.000000000000000000e+00
1.559094430741560267e+01 1.321618585362633524e+01 1.000000000000000000e+00
1.588526934091382259e+01 1.244473292456885893e+01 1.000000000000000000e+00
1.637065091389514038e+01 1.169780748636244994e+01 1.000000000000000000e+00
1.703943426900073277e+01 1.098718899935925108e+01 1.000000000000000000e+00
1.788107229320878844e+01 1.032408434160220878e+01 1.000000000000000000e+00
1.888229185210734684e+01 9.718951069663678055e+00 1.000000000000000000e+00
2.002730311515301764e+01 9.181332496731219095e+00 1.000000000000000000e+00
2.129804857073098390e+01 8.719707188857750424e+00 1.000000000000000000e+00
2.267448780390025220e+01 8.341355252910023665e+00 1.000000000000000000e+00
2.413491354570878400e+01 8.052243524934429075e+00 1.000000000000000000e+00
2.565629400979223007e+01 7.856931469588114503e+00 1.000000000000000000e+00
2.721463611740334798e+01 7.758499274657659761e+00 1.000000000000000000e+00
2.878536388259665912e+01 7.758499274657659761e+00 1.000000000000000000e+00
3.034370599020777703e+01 7.856931469588115391e+00 1.000000000000000000e+00
3.186508645429121245e+01 8.052243524934429075e+00 1.000000000000000000e+00
3.332551219609975135e+01 8.341355252910023665e+00 1.000000000000000000e+00
3.470195142926902321e+01 8.719707188857750424e+00 1.000000000000000000e+00
3.597269688484698946e+01 9.181332496731222648e+00 1.000000000000000000e+00
3.711770814789265671e+01 9.718951069663681608e+00 1.000000000000000000e+00
3.811892770679121867e+01 1.032408434160221411e+01 1.000000000000000000e+00
3.896056573099926368e+01 1.098718899935925108e+01 1.000000000000000000e+00
3.962934908610486673e+01 1.169780748636245171e+01 1.000000000000000000e+00
4.011473065908617741e+01 1.244473292456886249e+01 1.000000000000000000e+00
4.040905569258439556e+01 1.321618585362633880e+01 1.000000000000000000e+00
4.050768250500000534e+01 1.399999999999999822e+01 1.000000000000000000e+00
4.275845075550000018e+01 1.400000000000000000e+01 1.000000000000000000e+00
4.266565271484850541e+01 1.482621110346801352e+01 1.000000000000000000e+00
4.238842558209787370e+01 1.564203212293106660e+01 1.000000000000000000e+00
4.193025564929338600e+01 1.643720363571903320e+01 1.000000000000000000e+00
4.129690466917644187e+01 1.720172589868934665e+01 1.000000000000000000e+00
4.049633739780080788e+01 1.792598460079900136e+01 1.000000000000000000e+00
3.953862143310398380e+01 1.860087176864428571e+01 1.000000000000000000e+00
3.843580060902177564e+01 1.921790030451088782e+01 1.000000000000000000e+00
3.720174353728857142e+01 1.976931071655199190e+01 1.000000000000000000e+00
3.585196920159800271e+01 2.024816869890040039e+01 1.000000000000000000e+00
3.440345179737869330e+01 2.064845233458822094e+01 1.000000000000000000e+00
3.287440727143806640e+01 2.096512782464669300e+01 1.000000000000000000e+00
3.128406424586213319e+01 2.119421279104893685e+01 1.000000000000000000e+00
2.965242220693602704e+01 2.133282635742425271e+01 1.000000000000000000e+00
2.800000000000000000e+01 2.137922537775000009e+01 1.000000000000000000e+00
2.634757779306397651e+01 2.133282635742425271e+01 1.000000000000000000e+00
2.471593575413786681e+01 2.119421279104893685e+01 1.000000000000000000e+00
2.312559272856193360e+01 2.096512782464669300e+01 1.000000000000000000e+00
2.159654820262131025e+01 2.064845233458822094e+01 1.000000000000000000e+00
2.014803079840199729e+01 2.024816869890040394e+01 1.000000000000000000e+00
1.879825646271142858e+01 1.976931071655199190e+01 1.000000000000000000e+00
1.756419939097822436e+01 1.921790030451088782e+01 1.000000000000000000e+00
1.646137856689602330e+01 1.860087176864428571e+01 1.000000000000000000e+00
1.550366260219919567e+01 1.792598460079900136e+01 1.000000000000000000e+00
1.470309533082356168e+01 1.720172589868934665e+01 1.000000000000000000e+00
1.406974435070661400e+01 1.643720363571903320e+01 1.000000000000000000e+00
1.361157441790212630e+01 1.564203212293106837e+01 1.000000000000000000e+00
1.333434728515149637e+01 1.482621110346801352e+01 1.000000000000000000e+00
1.324154924449999804e+01 1.400000000000000178e+01 1.000000000000000000e+00
1.333434728515149637e+01 1.317378889653198826e+01 1.000000000000000000e+00
1.361157441790212630e+01 1.235796787706893340e+01 1.000000000000000000e+00
1.406974435070661400e+01 1.156279636428096680e+01 1.000000000000000000e+00
1.470309533082355991e+01 1.079827410131065513e+01 1.000000000000000000e+00
1.550366260219919390e+01 1.007401539920099864e+01 1.000000000000000000e+00
1.646137856689601620e+01 9.399128231355714291e+00 1.000000000000000000e+00
1.756419939097822080e+01 8.782099695489112179e+00 1.000000000000000000e+00
1.879825646271142503e+01 8.230689283448011651e+00 1.000000000000000000e+00
2.014803079840199374e+01 7.751831301099597837e+00 1.000000000000000000e+00
2.159654820262130670e+01 7.351547665411780841e+00 1.000000000000000000e+00
2.312559272856193004e+01 7.034872175353307888e+00 1.000000000000000000e+00
2.471593575413786326e+01 6.805787208951063150e+00 1.000000000000000000e+00
2.634757779306397296e+01 6.667173642575748183e+00 1.000000000000000000e+00
2.799999999999999645e+01 6.620774622249999020e+00 1.000000000000000000e+00
2.965242220693602349e+01 6.667173642575748183e+00 1.000000000000000000e+00
3.128406424586213319e+01 6.805787208951063150e+00 1.000000000000000000e+00
3.287440727143806640e+01 7.034872175353307000e+00 1.000000000000000000e+00
3.440345179737868619e+01 7.351547665411779953e+00 1.000000000000000000e+00
3.585196920159800271e+01 7.751831301099596949e+00 1.000000000000000000e+00
3.720174353728857142e+01 8.230689283448008098e+00 1.000000000000000000e+00
3.843580060902177564e+01 8.782099695489110402e+00 1.000000000000000000e+00
3.953862143310397670e+01 9.399128231355712515e+00 1.000000000000000000e+00
4.049633739780080077e+01 1.007401539920099687e+01 1.000000000000000000e+00
4.129690466917644187e+01 1.079827410131065335e+01 1.000000000000000000e+00
4.193025564929338600e+01 1.156279636428096502e+01 1.000000000000000000e+00
4.238842558209787370e+01 1.235796787706893163e+01 1.000000000000000000e+00
4.266565271484850541e+01 1.317378889653198470e+01 1.000000000000000000e+00
4.275845075550000018e+01 1.399999999999999822e+01 1.000000000000000000e+00
4.523429583105000518e+01 1.400000000000000000e+01 1.000000000000000000e+00
4.514587223257247217e+01 1.487178239493116294e+01 1.000000000000000000e+00
4.488150878291651935e+01 1.573461912278026453e+01 1.000000000000000000e+00
4.444391820881651256e+01 1.657965631111492399e+01 1.000000000000000000e+00
4.383759078171737400e+01 1.739822273486481308e+01 1.000000000000000000e+00
4.306874824151324788e+01 1.818191879482489526e+01 1.000000000000000000e+00
4.214527995307681607e+01 1.892270270890977812e+01 1.000000000000000000e+00
4.107666195069969461e+01 1.961297303172014139e+01 1.000000000000000000e+00
3.987385970115747114e+01 2.024564665565896604e+01 1.000000000000000000e+00
3.854921558318195451e+01 2.081423149320043464e+01 1.000000000000000000e+00
3.711632223795345453e+01 2.131289309449315539e+01 1.000000000000000000e+00
3.558988309020853791e+01 2.173651451671089774e+01 1.000000000000000000e+00
3.398556147120525139e+01 2.208074883081033946e+01 1.000000000000000000e+00
3.231981989174859393e+01 2.234206372690535858e+01 1.000000000000000000e+00
3.060975111455229225e+01 2.251777776054647617e+01 1.000000000000000000e+00
2.887290275936317485e+01 2.260608786796944614e+01 1.000000000000000000e+00
2.712709724063682870e+01 2.260608786796944614e+01 1.000000000000000000e+00
2.539024888544770775e+01 2.251777776054647617e+01 1.000000000000000000e+00
2.368018010825140962e+01 2.234206372690535858e+01 1.000000000000000000e+00
2.201443852879474861e+01 2.208074883081033946e+01 1.000000000000000000e+00
2.041011690979145854e+01 2.173651451671089774e+01 1.000000000000000000e+00
1.888367776204653836e+01 2.131289309449315539e+01 1.000000000000000000e+00
1.745078441681804549e+01 2.081423149320043464e+01 1.000000000000000000e+00
1.612614029884253242e+01 2.024564665565896604e+01 1.000000000000000000e+00
1.492333804930030716e+01 1.961297303172014139e+01 1.000000000000000000e+00
1.385472004692318571e+01 1.892270270890977812e+01 1.000000000000000000e+00
1.293125175848675212e+01 1.818191879482489526e+01 1.000000000000000000e+00
1.216240921828262778e+01 1.739822273486481308e+01 1.000000000000000000e+00
1.155608179118349099e+01 1.657965631111492755e+01 1.000000000000000000e+00
1.111849121708348065e+01 1.573461912278026631e+01 1.000000000000000000e+00
1.085412776742752428e+01 1.487178239493116472e+01 1.000000000000000000e+00
1.076570416894999838e+01 1.400000000000000178e+01 1.000000000000000000e+00
1.085412776742752428e+01 1.312821760506883706e+01 1.000000000000000000e+00
1.111849121708348065e+01 1.226538087721973724e+01 1.000000000000000000e+00
1.155608179118348744e+01 1.142034368888507601e+01 1.000000000000000000e+00
1.216240921828262422e+01 1.060177726513518870e+01 1.000000000000000000e+00
1.293125175848675035e+01 9.818081205175104742e+00 1.000000000000000000e+00
1.385472004692318215e+01 9.077297291090225428e+00 1.000000000000000000e+00
1.492333804930030539e+01 8.387026968279858608e+00 1.000000000000000000e+00
1.612614029884252886e+01 7.754353344341034848e+00 1.000000000000000000e+00
1.745078441681805259e+01 7.185768506799563582e+00 1.000000000000000000e+00
1.888367776204653836e+01 6.687106905506846388e+00 1.000000000000000000e+00
2.041011690979146209e+01 6.263485483289100486e+00 1.000000000000000000e+00
2.201443852879474150e+01 5.919251169189662320e+00 1.000000000000000000e+00
2.368018010825140607e+01 5.657936273094639645e+00 1.000000000000000000e+00
2.539024888544770064e+01 5.482222239453523827e+00 1.000000000000000000e+00
2.712709724063682515e+01 5.393912132030553863e+00 1.000000000000000000e+00
2.887290275936316775e+01 5.393912132030552087e+00 1.000000000000000000e+00
3.060975111455229225e+01 5.482222239453523827e+00 1.000000000000000000e+00
3.231981989174858683e+01 5.657936273094637869e+00 1.000000000000000000e+00
3.398556147120525139e+01 5.919251169189660544e+00 1.000000000000000000e+00
3.558988309020853080e+01 6.263485483289097822e+00 1.000000000000000000e+00
3.711632223795345453e+01 6.687106905506845500e+00 1.000000000000000000e+00
3.854921558318194741e+01 7.185768506799561806e+00 1.000000000000000000e+00
3.987385970115747114e+01 7.754353344341033072e+00 1.000000000000000000e+00
4.107666195069968751e+01 8.387026968279855055e+00 1.000000000000000000e+00
4.214527995307681607e+01 9.077297291090221876e+00 1.000000000000000000e+00
4.306874824151324077e+01 9.818081205175097637e+00 1.000000000000000000e+00
4.383759078171737400e+01 1.060177726513518692e+01 1.000000000000000000e+00
4.444391820881651256e+01 1.142034368888506890e+01 1.000000000000000000e+00
4.488150878291651935e+01 1.226538087721973369e+01 1.000000000000000000e+00
4.514587223257247217e+01 1.312821760506883173e+01 1.000000000000000000e+00
4.523429583105000518e+01 1.399999999999999822e+01 1.000000000000000000e+00
4.795772541415500001e+01 1.400000000000000000e+01 1.000000000000000000e+00
4.787258927598610114e+01 1.492073329129156534e+01 1.000000000000000000e+00
4.761790721299212237e+01 1.583361121078324629e+01 1.000000000000000000e+00
4.719585208273615251e+01 1.673084540593762881e+01 1.000000000000000000e+00
4.661002471077708265e+01 1.760478099095751858e+01 1.000000000000000000e+00
4.586542316969556055e+01 1.844796185557254020e+01 1.000000000000000000e+00
4.496840013730098917e+01 1.925319427794299543e+01 1.000000000000000000e+00
4.392660869782434219e+01 2.001360829895817162e+01 1.000000000000000000e+00
4.274893704850191511e+01 2.072271633430520410e+01 1.000000000000000000e+00
4.144543266861040820e+01 2.137446852425095756e+01 1.000000000000000000e+00
4.002721659791634323e+01 2.196330434891217109e+01 1.000000000000000000e+00
3.850638855588599085e+01 2.248420006865049459e+01 1.000000000000000000e+00
3.689592371114508040e+01 2.293271158484778027e+01 1.000000000000000000e+00
3.520956198191504427e+01 2.330501235538854132e+01 1.000000000000000000e+00
3.346169081187525762e+01 2.359792604136807626e+01 1.000000000000000000e+00
3.166722242156649259e+01 2.380895360649606118e+01 1.000000000000000000e+00
2.984146658258313067e+01 2.393629463799305057e+01 1.000000000000000000e+00
2.800000000000000000e+01 2.397886270707750000e+01 1.000000000000000000e+00
2.615853341741686933e+01 2.393629463799305412e+01 1.000000000000000000e+00
2.433277757843350741e+01 2.380895360649606118e+01 1.000000000000000000e+00
2.253830918812474238e+01 2.359792604136807626e+01 1.000000000000000000e+00
2.079043801808496283e+01 2.330501235538854132e+01 1.000000000000000000e+00
1.910407628885491960e+01 2.293271158484778027e+01 1.000000000000000000e+00
1.749361144411400915e+01 2.248420006865049459e+01 1.000000000000000000e+00
1.597278340208365854e+01 2.196330434891217109e+01 1.000000000000000000e+00
1.455456733138959535e+01 2.137446852425095756e+01 1.000000000000000000e+00
1.325106295149808489e+01 2.072271633430520410e+01 1.000000000000000000e+00
1.207339130217565781e+01 2.001360829895817162e+01 1.000000000000000000e+00
1.103159986269900728e+01 1.925319427794299543e+01 1.000000000000000000e+00
1.013457683030443945e+01 1.844796185557254020e+01 1.000000000000000000e+00
9.389975289222917354e+00 1.760478099095751858e+01 1.000000000000000000e+00
8.804147917263851042e+00 1.673084540593762881e+01 1.000000000000000000e+00
8.382092787007877632e+00 1.583361121078324629e+01 1.000000000000000000e+00
8.127410724013891752e+00 1.492073329129156356e+01 1.000000000000000000e+00
8.042274585844999990e+00 1.400000000000000178e+01 1.000000000000000000e+00
8.127410724013895305e+00 1.307926670870843466e+01 1.000000000000000000e+00
8.382092787007877632e+00 1.216638878921675548e+01 1.000000000000000000e+00
8.804147917263851042e+00 1.126915459406237296e+01 1.000000000000000000e+00
9.389975289222917354e+00 1.039521900904247786e+01 1.000000000000000000e+00
1.013457683030443590e+01 9.552038144427459798e+00 1.000000000000000000e+00
1.103159986269901083e+01 8.746805722057004573e+00 1.000000000000000000e+00
1.207339130217565604e+01 7.986391701041831048e+00 1.000000000000000000e+00
1.325106295149808311e+01 7.277283665694797676e+00 1.000000000000000000e+00
1.455456733138959713e+01 6.625531475749040666e+00 1.000000000000000000e+00
1.597278340208365499e+01 6.036695651087829795e+00 1.000000000000000000e+00
1.749361144411400915e+01 5.515799931349505414e+00 1.000000000000000000e+00
1.910407628885492315e+01 5.067288415152216174e+00 1.000000000000000000e+00
2.079043801808495928e+01 4.694987644611458677e+00 1.000000000000000000e+00
2.253830918812473882e+01 4.402073958631925521e+00 1.000000000000000000e+00
2.433277757843351452e+01 4.191046393503937040e+00 1.000000000000000000e+00
2.615853341741686933e+01 4.063705362006945876e+00 1.000000000000000000e+00
2.799999999999999645e+01 4.021137292922499995e+00 1.000000000000000000e+00
2.984146658258312357e+01 4.063705362006945876e+00 1.000000000000000000e+00
3.166722242156649614e+01 4.191046393503938816e+00 1.000000000000000000e+00
3.346169081187525762e+01 4.402073958631925521e+00 1.000000000000000000e+00
3.520956198191503006e+01 4.694987644611456901e+00 1.000000000000000000e+00
3.689592371114508751e+01 5.067288415152219727e+00 1.000000000000000000e+00
3.850638855588599085e+01 5.515799931349505414e+00 1.000000000000000000e+00
4.002721659791633613e+01 6.036695651087826242e+00 1.000000000000000000e+00
4.144543266861040820e+01 6.625531475749044219e+00 1.000000000000000000e+00
4.274893704850191511e+01 7.277283665694798565e+00 1.000000000000000000e+00
4.392660869782434219e+01 7.986391701041827496e+00 1.000000000000000000e+00
4.496840013730098917e+01 8.746805722057001020e+00 1.000000000000000000e+00
4.586542316969556765e+01 9.552038144427461575e+00 1.000000000000000000e+00
4.661002471077708265e+01 1.039521900904247964e+01 1.000000000000000000e+00
4.719585208273614541e+01 1.126915459406236941e+01 1.000000000000000000e+00
4.761790721299212237e+01 1.216638878921675726e+01 1.000000000000000000e+00
4.787258927598610825e+01 1.307926670870843466e+01 1.000000000000000000e+00
4.795772541415500001e+01 1.399999999999999822e+01 1.000000000000000000e+00
