188
491
450
491
498
499
504
494
111
492
506
229
500
443
484
500
492
437
493
491
465
455
439
483
324
503
494
503
446
498
495
469
504
504
505
467
474
504
488
495
215
505
503
460
503
488
495
473
480
505
497
482
488
504
463
443
448
466
488
461
504
504
478
151
482
494
401
454
501
488
502
488
463
65
489
486
503
456
502
502
494
499
503
491
481
491
505
495
484
458
487
505
500
413
478
487
478
487
496
483
94
486
477
498
487
485
472
488
449
495
481
503
488
483
498
503
483
487
502
504
498
499
489
481
482
503
485
426
502
483
492
461
484
485
501
502
486
461
9
471
494
505
493
478
449
497
490
401
397
480
450
502
490
491
487
496
502
462
438
421
480
505
430
465
121
501
476
498
452
495
486
475
481
151
484
351
503
506
483
504
497
497
503
494
500
193
446
498
496
503
486
483
9
438
505
497
476
487
489
495
478
505
494
470
501
493
502
496
456
442
482
463
487
222
493
491
468
489
459
498
485
502
479
481
497
478
487
375
482
343
501
489
503
418
450
225
434
481
490
505
487
499
228
487
487
491
451
481
327
464
495
484
452
493
478
483
505
492
459
497
484
479
490
500
492
484
481
479
439
482
471
438
423
475
481
472
469
424
439
460
479
476
489
460
386
450
445
501
481
448
490
257
481
483
478
456
506
504
504
498
465
458
474
502
496
479
503
486
487
470
464
480
496
479
480
463
360
119
505
467
503
482
464
475
445
484
488
482
494
437
489
365
288
495
486
485
479
501
483
474
492
303
495
479
488
498
490
500
489
472
488
492
470
437
505
264
488
483
489
471
482
339
479
486
488
470
486
496
486
504
482
482
502
484
488
465
493
482
475
489
504
503
473
454
489
484
458
469
425
496
484
489
505
488
489
485
480
498
499
450
502
495
496
493
495
454
489
498
494
481
485
481
477
458
502
15
481
485
487
502
502
463
461
499
476
496
486
492
499
479
488
505
483
494
491
497
500
486
485
488
491
481
476
504
453
482
494
502
489
502
503
266
370
381
493
483
495
492
488
483
503
496
497
487
502
497
498
491
460
212
460
500
476
464
495
483
496
487
490
490
487
490
487
455
505
421
458
487
505
493
482
492
489
457
483
477
440
484
459
484
480
458
426
502
489
498
386
252
383
482
499
155
404
233
