57
39
51
51
36
68
15
52
34
33
55
29
8
50
33
63
23
10
32
28
13
54
43
43
5
18
14
7
39
10
41
56
18
12
46
49
75
20
48
52
8
23
43
45
5
34
5
60
49
29
22
39
39
41
61
43
18
36
5
15
39
52
14
19
65
53
21
46
35
57
49
46
44
32
33
28
31
77
32
35
34
75
9
44
53
70
37
50
42
16
78
68
12
10
18
32
42
53
75
30
20
1
51
46
56
23
29
51
33
34
15
50
47
15
8
15
46
7
47
46
67
50
27
36
38
12
51
23
40
36
8
16
19
44
57
13
62
10
75
28
36
10
44
35
46
19
21
26
55
30
46
19
28
49
54
49
27
16
12
52
16
53
55
9
56
9
22
36
11
16
61
16
25
53
49
54
20
15
50
32
58
8
1
64
35
54
18
10
64
5
54
45
50
29
28
48
20
45
25
25
14
48
24
14
8
10
44
19
46
16
28
29
5
34
9
11
17
66
49
16
57
62
25
51
10
48
51
35
17
23
38
45
43
10
35
24
35
30
44
30
84
70
69
69
45
38
45
58
21
48
15
46
43
21
70
44
39
58
56
12
33
30
9
54
9
8
19
12
10
46
9
52
23
39
37
51
21
35
13
36
52
28
7
10
46
57
55
21
48
25
33
13
21
28
14
61
13
47
8
52
48
76
1
25
56
50
50
32
59
49
82
26
48
24
48
38
47
7
74
13
47
78
68
0
15
13
13
50
50
13
34
44
44
14
40
61
51
58
20
89
54
23
45
49
24
53
10
41
32
64
20
25
26
47
11
42
10
42
12
34
50
54
8
12
64
27
70
31
18
20
27
46
38
20
15
30
36
19
63
15
33
56
52
26
11
16
12
13
43
17
31
8
25
39
52
25
20
29
38
39
45
52
39
11
53
62
39
46
45
70
51
52
32
32
40
50
38
44
52
18
41
34
43
49
10
19
40
36
32
35
33
55
41
27
35
38
59
49
16
28
19
54
61
48
28
63
35
31
10
38
21
8
43
29
43
52
51
13
35
54
37
41
74
79
44
49
19
9
49
48
65
59
12
9
14
41
48
30
52
9
20
53
58
31
41
11
20
11
14
74
31
52
46
75
36
31
67
29
80
38
49
21
50
48
76
43
13
43
16
7
53
15
46
26
59
15
77
9
27
25
30
40
15
21
34
36
9
75
14
35
21
45
50
8
39
40
14
29
0
26
21
47
24
30
70
42
64
5
47
9
18
26
37
16
47
10
8
64
8
29
15
60
29
43
40
43
53
37
28
73
14
61
33
47
6
17
16
50
44
56
37
47
42
32
44
50
10
73
44
13
27
26
51
25
67
44
7
8
18
52
51
32
56
20
33
29
15
29
49
57
13
29
17
24
31
44
8
63
48
69
24
60
59
16
61
41
19
33
34
17
29
46
34
13
18
36
51
56
26
41
58
51
77
34
48
50
11
55
62
55
13
31
43
9
42
12
33
37
39
5
38
2
31
42
11
59
69
40
16
53
40
15
7
60
33
58
33
40
60
31
20
21
34
22
35
15
63
64
83
14
64
57
67
36
8
8
35
53
47
73
51
30
56
67
33
18
38
27
8
54
57
30
14
67
51
19
22
38
20
11
51
45
51
49
21
13
37
53
36
20
33
18
18
46
54
41
55
53
49
40
15
32
62
53
9
10
39
72
50
7
7
45
27
39
33
54
67
30
17
38
41
29
7
48
24
67
40
12
21
11
39
48
52
62
8
10
38
58
45
42
23
34
12
11
17
42
44
47
60
43
50
21
28
65
41
8
14
44
55
53
4
5
15
55
49
58
26
20
53
14
57
29
27
8
40
21
41
24
16
17
16
22
43
59
22
27
8
11
9
49
65
22
17
33
13
5
23
70
76
42
55
63
49
20
18
18
41
71
6
19
40
46
72
36
6
19
59
43
77
47
29
46
60
33
13
32
34
8
54
48
36
7
51
17
19
30
21
12
37
41
41
42
18
8
10
34
62
51
37
26
34
20
8
14
47
43
59
53
54
54
20
21
32
62
52
13
25
62
59
19
6
24
27
50
60
41
24
57
31
15
61
27
24
7
44
71
24
22
44
36
32
18
26
20
10
50
52
35
18
8
4
44
54
17
39
5
26
61
74
39
53
50
21
13
39
77
26
9
23
58
43
19
14
25
55
50
57
24
25
18
48
33
16
59
17
23
6
31
50
27
18
50
34
25
17
22
9
34
43
31
26
10
11
9
45
54
54
29
15
35
12
5
22
56
71
38
53
54
21
14
40
38
9
25
48
36
72
28
22
54
72
61
30
54
51
13
36
46
31
61
53
30
8
47
37
15
19
40
20
15
30
45
24
55
18
8
14
26
52
54
37
18
34
12
7
15
43
55
41
55
52
18
51
22
12
63
44
10
10
42
34
77
6
12
47
44
21
71
59
31
59
67
33
10
58
29
8
52
64
28
7
52
35
8
23
55
21
31
43
38
59
8
9
22
57
50
41
23
31
16
7
13
35
48
42
55
53
16
50
18
12
67
37
8
11
36
31
75
39
7
8
43
33
23
73
58
33
69
31
11
33
6
41
69
27
7
37
6
22
21
16
32
40
41
56
24
8
12
56
42
41
23
32
14
6
13
35
43
46
54
12
47
20
9
17
66
31
8
8
42
59
25
7
9
55
38
68
42
25
42
31
13
57
35
23
8
48
42
29
15
78
57
23
14
24
24
56
45
46
19
14
8
10
52
53
28
14
34
22
9
22
56
64
40
47
59
45
38
19
37
62
52
9
11
41
99
